0 0
1 5 6 3 2
2 3 7
3 9
4 11 14 10 12 13
5 17 18
6 22 23 21 26 24
7 27
8 28 29
9 32 31 33
10 34 35 37
11 43 38 5 42 40 41 44
12 45
13 48
14 49 4
15 50
16 50
17 54
18 56
19 60 58 61 57
20 2 62
21 64 65
22 67
23 70 68
24 5 50 72 69
25 71 50 69 73
26 58
27 77 74 76 61
28 17
29 80 79 50 27
30 5 81 69
31 87 91 90 92 86 84 83 85
32 93
33 95 96
34 57 5 69
35 97 3
36 99
37 101 100
38 50 5 18 55
39 3
40 5 106 105
41 27 107 5
42 112 108 111 110
43 69 113
44 114 117 116 115
45 119 3
46 123 121
47 124 126 127
48 129
49 130 86 132 131 134
50 50 3 136
51 120
52 50 138 137
53 139 119 5 120
54 120
55 50 137 76 119 141
56 3
57 142
58 57 143 144
59 65 70
60 148 146
61 150
62 151 152
63 153 121
64 155 154 5 157 69 159
65 5
66 161
67 165 170 163 166 167 164 162 142
68 171
69 3
70 22
71 176 177 175
72 173
73 179
74 73 180 178
75 181 3
76 3
77 184
78 184
79 191 189 104 192 5 187 188 190
80 73 194 43
81 78 2 41 40 5 63 69 98 163 173
82 72 196
83 200 198 199
84 203 202 83 204
85 69 107 206 205
86 84
87 69 208
88 20 21
89 24
90 210 20
91 20 5 24 193
92 211
93 20
94 21 20 212
95 213 214
96 5 21 20
97 217 216 20 215
98 216 20 22 23
99 218
100 99
101 220
102 193 223 224 130 227 221 199 225 83 228 222 163
103 230 231 229 84 163 86
104 233
105 235 234 18
106 238 4 3 18
107 240 239 242 241 193 43
108 43 241 5 193 242 69
109 243 244 80 50
110 245
111 102 248 246 235
112 249
113 3
114 121
115 253 250 252
116 255 254 46 98
117 83
118 256
119 5
120 73 69 187
121 3 64 70 258
122 261 267 5 266 264 265 271 269 51 268 263 1 270 259
123 274
124 275
125 3 98 46 121
126 3
127 278 277
128 121 3 98 237
129 86 83
130 280
131 282 281 279
132 3 283 284
133 146
134 282
135 173
136 291 290 288 292
137 289
138 288
139 293 294
140 173
141 290 292 288 289
142 289
143 289
144 293 3
145 105 298 296 50 295
146 69 251 299
147 232
148 18 301 5 42 302
149 105 304
150 57 305 281
151 293 238
152 309
153 177 51
154 69 4 105
155 4
156 310
157 73 5 107
158 313 311 41 40 312
159 315
160 315
161 41 316 86
162 317
163 319
164 321 322 320 43 253 69
165 69 3 105
166 323
167 99
168 201
169 163 227 328 329
170 330 331 332 77
171 51
172 333 80 50
173 34
174 5 334
175 335
176 99
177 84 83
178 336 122
179 3
180 14 338 337
181 3
182 342 343 341 14
183 14 343 13
184 3 344 62 316
185 2 272 345
186 77 50 51
187 50 346
188 50
189 327
190 5 69 107
191 99
192 352 349 348 350
193 237 105 7 27 3 5
194 51
195 354 353
196 356 358 355 357
197 360 359 4
198 5 50
199 105 361 57
200 121 3 29
201 29
202 366 14 335 341 13 342 362 365 363
203 50
204 5 43 69
205 368 57 355
206 370 371
207 136
208 374 62 372
209 3 97
210 375
211 50 51 5 245 175 80
212 378
213 381
214 27 194 382 49
215 136 385 105 386 255 384
216 380
217 387 334 62 388
218 5
219 3 5
220 316
221 316
222 69 3
223 391 390 393 272
224 50 395
225 396 14 13
226 3
227 57 368
228 398 69
229 402 403 401 399 406 405 404 106
230 5 3 69
231 3
232 69 136 43 54
233 57
234 407
235 4 3
236 410
237 316
238 174
239 3
240 3
241 413
242 50
243 413 414
244 3
245 3 417 416 284
246 418 419 411 3
247 411
248 3
249 435 431 437 423 433 429 426 397 428 427 432 421 69 422 425 424 409 430
250 249 70
251 163 438
252 105 27
253 69
254 5 73
255 186
256 73 5 441
257 443
258 444
259 445
260 448 450 449
261 451 176 330 51
262 50
263 97 41 3
264 3
265 454
266 34
267 120
268 361 69
269 281 41 3 456 417 40
270 256 34 457
271 50 69 5
272 3
273 225 201 460
274 462 172
275 57
276 465
277 176
278 69 346
279 43 40 187 50 106 69 468 293 467 284 235
280 466 231 469 69
281 272 3
282 3
283 7
284 293 3 121
285 186
286 50
287 186 336
288 256 102 473
289 50 474 80 188
290 22 475 20 3 238 7 218 153 5
291 478 479
292 480 303
293 306
294 145 306
295 51
296 483 480 18 482
297 69 136
298 86 235 283 484 489 234 485 354 104 172 487 490 143 161 275 230 3
299 99
300 50 186
301 311
302 105 102
303 281 497 57 491 494 498 493 496 392
304 3
305 57 69
306 499
307 143
308 51 502
309 73 107 43 5 79
310 504
311 293 316
312 69 50
313 505
314 305 306 507 506
315 508
316 509
317 136 186 410
318 70
319 65 69 510
320 411
321 311 511
322 7
323 512 186
324 371
325 515 514
326 517 516
327 69
328 77 51
329 330
330 80
331 69
332 3 522 50 520
333 3 51 5 82
334 512 186
335 254 480
336 524
337 51
338 5 136
339 296 4 523
340 136 526
341 527 5 3 73 69 107 40
342 27
343 3
344 27
345 3
346 50 77
347 98
348 529 5
349 530 488 72
350 121 151
351 531 411 527
352 532 417
353 4 3 316 302
354 407
355 536
356 102 539 50 5 537 543 545 27 541 544 542 540
357 415 293
358 186 69
359 3
360 547
361 5 548 549
362 550
363 551 553 552 163
364 554
365 264 556 186 5
366 51 50 69 175
367 69 107 194 186 5 50 43 27
368 557
369 69
370 559 558 488 72 560
371 488 69 305 562 306 186 145
372 564
373 302
374 565
375 5
376 3
377 569 570
378 256 34 457 571
379 504
380 5
381 175 102
382 161 539 235 353
383 576 38 574 575 40
384 27 5
385 525 524
386 256 136
387 5
388 105 5 50 3
389 578 526
390 78
391 281 57
392 310
393 50
394 579 3 411
395 51 177 3 186
396 580
397 580 3
398 5
399 3 69
400 530 411 582 302 3 121
401 186 512 582
402 69 336 201
403 5
404 330
405 504 541 355 237 69 104 459 583
406 163 83 87 86
407 102
408 51 50 176 504
409 584
410 5
411 93
412 50 18
413 50
414 3 18
415 80 587
416 51 5 105
417 65
418 51
419 99 108
420 3
421 34
422 411 455 256 522 3 378 136
423 53 99
424 3 293 417 592 50 415 420 591
425 455 2 293 3
426 50 186
427 378
428 98
429 491 60 375 598 57 597 392 602 603 596 601 399 492 61 106 494
430 177 502 175 253 176 51
431 83 90 328
432 462
433 43 69 3
434 99
435 69 27 50
436 163 420 302
437 99
438 382 27
439 413 409
440 312
441 34 69 3
442 136 413
443 172 105
444 186 69
445 34
446 43 79 69 605
447 50
448 425 50
449 532 4 136 246 606 411
450 99 69
451 411 532
452 3
453 524
454 175 50 54
455 227 99 5
456 99 411 54
457 227
458 102 3 237
459 176
460 50 609 51 99
461 102 177 346 176
462 563
463 614 617 613 616
464 70
465 158 227 69 626 503 620 136 50 377 622 72 624 619 206 240 241 194 322 618 99 621 320 54 254 623 105 627 625 242
466 628 629
467 381 69 526
468 235 631 632
469 5 235 69
470 459 633
471 99
472 597 634 375 392
473 5 69 105
474 50 69 235 281
475 2
476 5
477 591 336 530 186 49 3 636 637
478 41 3
479 50 102 161 293 122 69 3 639
480 4 69
481 640 641
482 336 5 186
483 302 417 643
484 235
485 5
486 69 50 105 5
487 3
488 419 644 69 3
489 5 136 73 565
490 645
491 646
492 3 5
493 491
494 177 80 50
495 3
496 3 648 302
497 57
498 649 235
499 235 649
500 649 235
501 397 69
502 3 97
503 69
504 417
505 530 201 5 136
506 652
507 548 5 653 278
508 654
509 293
510 72 588 643 628 441 82 136 130
511 3 253 121
512 5 382
513 278 657 57 655
514 302 284
515 658
516 3
517 255
518 255
519 5 69 535
520 105
521 69 662 661
522 663
523 51
524 665 666 145 281
525 69
526 50
527 670 668 669
528 69
529 320 672
530 674 640
531 107 3 5
532 3 83 675
533 3
534 679 677 676 320
535 50
536 3
537 43
538 69 27
539 5
540 3
541 4 5 201 106
542 163
543 99 660 548 681
544 683 77 50 476 684 377 477
545 433
546 609 50
547 686 685
548 50
549 5 687 688
550 302
551 689 336 50 80
552 381 320 5 41
553 605 69
554 672 534
555 105
556 3 5
557 5 297 466 69
558 431
559 3
560 3
561 692
562 136
563 137 693 57 65
564 641
565 177 694
566 225 268
567 268
568 176 268
569 695 696
570 697 18 5
571 3 105 50
572 69
573 699
574 262 700 225 227 99 108 201
575 5 69
576 525
577 507
578 3 276
579 703 468 50 293 537 105 284 98
580 310 69
581 27
582 69 3
583 3
584 5 704 711 708 705 136 707 706 69 638 235 594
585 73
586 57 69 712 136 3 640 50 235
587 355 489 361 50
588 50
589 50 609
590 163 681 548
591 563 453 548 5 99
592 5 225 99
593 225
594 415 256 3 237
595 459
596 715
597 669 668
598 54 73
599 284 316
600 175 102 718 502 176 678 51
601 3
602 672 136
603 281
604 507 720 463 59
605 722
606 3 237
607 50 104 488 320 143 629 628
608 425
609 50
610 724
611 43 69 595 336
612 725
613 172 3 296 726
614 186 727 5 728
615 377 245 538 27 730 732 729 105
616 50 377 27 735 729 730 245 733 736 731
617 50 737
618 284 411 3
619 3 721 738
620 51
621 5 740 426 739 741 425 69
622 105 69
623 227 742
624 136
625 3
626 69 455 411 293
627 355
628 69 336 253 50 537 281
629 99
630 69
631 609
632 744 741 5
633 5 741
634 5
635 69 2
636 136
637 69 136
638 69 136 5
639 225
640 79 503 105 69
641 3 707 54 69
642 746 353 745 34 457 410
643 638 264 186 3
644 570 569
645 50 177
646 3
647 320 3 69 747
648 3
649 359
650 3 136
651 3 102
652 525 302
653 177
654 749 42 267 748 41
655 51
656 69 752 297
657 457 5 73
658 69 5 42 143
659 136
660 753
661 43
662 105 754 49
663 361 105
664 3 755
665 69 122
666 757
667 57 5
668 102
669 3 97 594
670 70 758
671 69
672 759
673 551
674 593 99 2
675 50 3 41
676 161
677 5 50
678 293 3 411
679 136
680 136
681 69
682 69
683 69
684 5
685 763
686 121 574
687 768 770 767 766
688 5 69
689 105 3
690 3 302
691 235 687 462
692 772 537 69 773
693 3
694 75 3
695 2 640
696 525 5 524
697 42 73 5 43 774
698 713 4 293
699 57
700 3 293 776
701 73
702 777
703 713 778
704 594 3 97
705 80 780
706 252
707 99
708 4 532 3 577
709 3 34
710 457 3
711 781 782
712 3 2 453 345
713 121
714 345
715 5 783 587 186
716 478 642 5 50
717 539 57 225 336
718 3
719 235 5 230 234 784 40
720 69
721 3 69
722 785
723 69 51 177 175
724 786
725 184
726 645
727 99 293 69
728 322
729 375
730 397 60
731 787
732 101
733 391
734 5
735 790
736 3
737 791
738 3
739 3
740 120
741 54 605
742 591
743 54 582 69 227
744 99
745 99 561
746 105 3 69 136
747 787
748 97 506 463
749 227 99
750 227
751 227
752 227
753 99
754 227 99
755 5 69 227
756 69
757 227 526
758 227 526
759 227 99
760 227
761 99
762 99 227 5
763 227
764 227
765 99
766 227
767 69 99
768 227 99
769 99 5 69
770 5 69 227
771 99
772 69 793 3 201
773 99 5 69
774 84
775 130 86 488 72
776 5 186
777 121
778 227
779 99
780 302 99
781 99 227
782 99
783 227
784 99
785 354 794 161
786 161 354 794 353
787 99
788 99 227 69
789 99
790 99
791 526
792 227
793 99
794 99
795 69 5 227 526
796 99 5
797 227
798 99
799 99
800 99 227
801 227
802 99
803 99
804 227
805 99
806 227
807 5 69 227
808 99
809 99
810 227 5
811 227
812 302 99
813 5 99 69
814 227 69 5
815 99
816 227
817 99
818 99
819 69 227 5
820 99 302
821 99
822 227 99 69
823 99
824 227
825 227 99
826 5 99 227
827 227
828 227
829 99
830 99 302
831 227
832 3
833 796
834 784 136 27 186 741 50 105 73
835 99
836 122 253
837 43 3
838 591
839 99
840 99
841 99 227
842 227 84
843 99
844 99
845 227
846 227
847 302 99
848 5
849 99 227
850 256 254
851 5
852 411 3
853 75 799 130
854 227
855 302 3
856 99
857 227
858 5
859 5
860 3
861 548 69 57 50 201 800 163
862 252 802
863 99
864 99
865 5 57
866 3 582 69
867 438
868 99
869 227
870 99
871 2 384
872 227 99 69
873 40
874 397 5 803 186 54
875 329
876 689 507
877 227 99
878 69
879 201
880 780
881 122 70
882 640 312 806 780 105 69 805 4
883 237 69 105 807 106 538 27 136
884 50 80
885 808 3
886 3 336 293
887 281 811 57 810 305 50 59 813
888 18 50
889 186 5 815
890 394 40 57 5 331 519 41 624 576 51 82 120
891 83
892 27
893 69
894 177
895 62 818 252 253 649
896 69
897 645
898 105
899 821
900 3
901 227
902 825
903 3 390
904 5 826 281 2 172 50 105 18 827 102 726 3 51 60 235
905 40 316 302 411 828 293 532 42 3 284
906 50 572 829 51
907 359
908 102
909 830 5 3
910 75 463
911 489 51 75
912 831
913 835 837 838 836 832 834 756 841
914 425 80 624 69 105 51 136 842 27
915 355 34 638 453
916 69 137 740 65 70 122
917 548 69
918 50
919 843
920 843
921 75 844 5 57
922 57
923 845 293
924 136
925 281
926 57 377 80 50
927 846 764
928 50
929 377 51 194 426 425 50 622 807 847 105 136 69 428
930 302 69
931 27
932 849
933 370
934 158 302
935 2
936 2 594 852 3 27 297 785 853 502 105 79 5 281 180 80 485 855 51 355 851 377 137 854 136
937 748 857
938 177
939 69 50 858 538 540
940 632 355
941 457 458 34 73
942 70
943 3
944 40 302 3
945 3
946 428
947 177 718 51 250
948 49
949 729 5 163 50 734
950 459
951 83
952 860 54
953 51
954 861 20
955 99
956 333 51
957 591 69 5 50 54
958 863 18 234 235
959 3
960 3 5
961 84 650 628
962 121
963 235 305
964 69
965 51
966 69
967 582
968 136
969 136 411
970 186 296 336 5
971 235 302 764 864
972 41 591 614 865
973 51
974 5 3 537 105
975 177
976 227
977 840
978 840
979 866
980 5 867
981 868
982 869 54 20
983 823
984 823
985 293 3 18
986 875 69 249 826 873 872 870 5 871 447 180 538 397 235 876 425
987 878
988 3 172
989 69 879 3
990 69 249 880 368 143
991 377 50
992 5
993 873 882 503 235
994 302 57
995 884 883 411
996 459 69 530 73 186 784 51 512
997 885
998 130
999 887 886
1000 859
1001 50 40 5 42
1002 18
1003 888
1004 576 57 41 297 698 78
1005 297 889 298 3 137 457 481 411
1006 3
1007 69
1008 788 391
1009 892
1010 3
1011 840
1012 840
1013 102
1014 588 69 5 136 27
1015 3 41 594 97
1016 459
1017 69
1018 893 3 336
1019 3 894 97
1020 69
1021 60 5
1022 3
1023 896
1024 415 3 591
1025 862
1026 186
1027 69
1028 897
1029 102 336 254 69 293 186 50
1030 898
1031 302
1032 69
1033 69
1034 757
1035 640 3 638 899
1036 194 137 136 5 50 901 69 27
1037 27
1038 3
1039 3 698
1040 3
1041 813 506
1042 5 3
1043 807 27 902 903
1044 3 582 163 420
1045 186 5 591 3
1046 80
1047 453
1048 122
1049 253 122
1050 906
1051 99
1052 99
1053 227
1054 99
1055 227
1056 99 69
1057 480
1058 862 909 40 910 41 908 5 537 194 69 333 49 78 302 336
1059 903 902 904 807
1060 3 293
1061 281 75 5 3 49 122 355
1062 302
1063 121
1064 851 3
1065 40 582 121 3
1066 105
1067 72 530 73 488
1068 51 50
1069 3 256 708 186
1070 3
1071 69
1072 40 293 441 3 698 121 336
1073 50
1074 51 50
1075 41 2
1076 912
1077 99 913
1078 187 40 75 249 143
1079 175 50 252 235 915 54
1080 3
1081 69
1082 227
1083 99 227
1084 69
1085 18 50 764 698
1086 69 5 50 395
1087 99
1088 99
1089 916 69
1090 227
1091 227
1092 227
1093 227
1094 227
1095 227
1096 227
1097 99
1098 99
1099 227
1100 50 18 40 764
1101 494 130
1102 392
1103 917
1104 50 6 163 377
1105 3
1106 69
1107 69 714 50
1108 302
1109 548
1110 99
1111 802
1112 918 3
1113 3 918
1114 3 527
1115 527 3
1116 919 99
1117 916 695
1118 333 51 99
1119 281
1120 3 453 97
1121 50 302
1122 73 180 49 882
1123 73 180 69 5
1124 3
1125 5
1126 876
1127 284
1128 186 249 69
1129 102 235
1130 395 120 50
1131 281
1132 5
1133 922
1134 923
1135 491
1136 787
1137 924 925
1138 69 227
1139 482 99
1140 99
1141 227
1142 227
1143 99
1144 99
1145 108 227 776
1146 99
1147 130
1148 51 50
1149 650 3 136 416 594 41 50 227
1150 108 99 227
1151 548 69 254 5 50 62 105
1152 491
1153 532 927 102
1154 54 50
1155 928 69 51 50 57
1156 121 5 106 69
1157 463
1158 60
1159 5 99
1160 57
1161 582
1162 69 355 105 102
1163 5 591 69
1164 136
1165 3
1166 3
1167 687
1168 235
1169 5
1170 420 121
1171 69
1172 930 49 57
1173 163 5
1174 931
1175 932 50
1176 18 3
1177 75
1178 577
1179 577
1180 851
1181 5
1182 213 175 177
1183 283 411
1184 934
1185 3
1186 851
1187 885 60 281 506
1188 163 5 548 3
1189 3
1190 688 232 936 935 882
1191 69
1192 51 50 57 281
1193 102
1194 3
1195 69 3
1196 5
1197 937
1198 937
1199 69 3
1200 69 3 698
1201 940 69 941 888 3 5
1202 50 5 54
1203 42 40 57
1204 237 105 5 3
1205 681 548 751 163
1206 69 50 3
1207 577 532
1208 755
1209 69
1210 161 920
1211 161
1212 3
1213 69 175 5 51
1214 5
1215 40
1216 719 57
1217 463 526 591 944
1218 69 355
1219 69 102 50 3 851 136 2
1220 851 741 520 102 2 105 50
1221 105 50 2 851 69 741 136
1222 34 851 3
1223 50
1224 3 480
1225 136 940
1226 3
1227 320
1228 201
1229 130
1230 69 939
1231 3
1232 69 826 5 869 945
1233 302
1234 42 305
1235 614
1236 638 49 480
1237 237 576 3 764
1238 3
1239 3
1240 826 136 69
1241 638 284 3 69 741 136 2
1242 69 105 50
1243 948 504 681 949
1244 18 457
1245 50
1246 18 235 50
1247 50 950
1248 776
1249 832 69
1250 99 951 526
1251 538 832 526 540 952
1252 105 75 40 41
1253 184
1254 69 158 302
1255 237 41 411 105
1256 3 136
1257 5 3
1258 5 69 187
1259 105
1260 484 34 614
1261 50 69 105
1262 527
1263 105 69 5 50
1264 5 784 798 69 3 636 105
1265 284 296 3
1266 235 316 49 121 591
1267 73
1268 3
1269 798 5 297 832 73 538 105 955 136 69 50 3
1270 643 57 59 41 40
1271 957
1272 577
1273 137
1274 278
1275 136
1276 201 40
1277 614
1278 69 345 136 798 105 50 698 805
1279 54 121 5
1280 960
1281 99
1282 3
1283 57 944 49 50 122
1284 3
1285 99
1286 134
1287 84
1288 302
1289 962
1290 84
1291 50
1292 614 527 3 40
1293 136
1294 963
1295 49 297 235
1296 397 774
1297 49 69 235 102
1298 2 69 136 3
1299 5 3 54 105
1300 3
1301 305
1302 755 480
1303 40 3
1304 3 5
1305 69 136
1306 966
1307 281
1308 50
1309 3
1310 520
1311 3 967
1312 419
1313 556 3 941
1314 3
1315 57
1316 548 681 969 163 187 3
1317 355
1318 897
1319 897
1320 69
1321 281 75
1322 284
1323 482 130
1324 69
1325 234 161 971 972
1326 378 527
1327 591 49
1328 591 5 297 69
1329 41 97 3
1330 3 18 136 5
1331 252
1332 302 356 591 253 256
1333 69
1334 51 480
1335 50
1336 3
1337 40 539 419 5
1338 99
1339 227
1340 69
1341 99
1342 227
1343 99
1344 227
1345 227
1346 99
1347 49
1348 953
1349 3 284 580 161
1350 974 973
1351 99
1352 72 302
1353 99
1354 50
1355 3
1356 969
1357 60 969
1358 60
1359 50 51
1360 69 54 106
1361 99
1362 5
1363 5 57
1364 51 120
1365 941 284 49 784 415 5 78 121 256 3 172 69 416 411 582 420
1366 784
1367 932 976 121
1368 502
1369 59
1370 161
1371 177 120
1372 734 729 104 105
1373 5 105
1374 40 5 187 281
1375 3
1376 977
1377 3
1378 69
1379 49 978 69 355
1380 3 5
1381 828 187 69 593
1382 51 262 120 50
1383 748
1384 54
1385 121 591 3
1386 302 51
1387 5 3 591
1388 50 57 394
1389 57 976
1390 172
1391 54 5
1392 979 54
1393 18 50 69
1394 69
1395 3 215
1396 355 3
1397 980
1398 69 3 50
1399 480 356 411 981 420
1400 453 69 781
1401 121 51
1402 136
1403 3
1404 105
1405 527 3 187
1406 51 503 105 984 69 983 5
1407 69 57
1408 3 50 416 411 136
1409 251
1410 302 985
1411 636
1412 3
1413 832 646 105 952 538 377 421 50
1414 3 136
1415 986 18
1416 302 105 5 488
1417 121 302
1418 302 172 591 69
1419 591 299 302
1420 3
1421 69 549 865 54
1422 284
1423 501
1424 69
1425 3
1426 3 97
1427 462
1428 989 551
1429 121 69 102 122
1430 3 50
1431 50 69 137 355 5 302
1432 991
1433 121 3 416 5
1434 3
1435 252
1436 538 69 503 990
1437 3
1438 865 3
1439 992
1440 163 3
1441 163 69
1442 69 2 5 556
1443 136 394 3 54
1444 3 41
1445 256 176 262 3
1446 284 104 105
1447 51 879 163 419 466 105 50 41 548 40 5
1448 3
1449 105 556 5 18 390 234 994 50 851 2
1450 688 882
1451 99 302
1452 177
1453 122 40 97 50 41 69 57
1454 394 175 50 990 5 484 262 69
1455 548
1456 50 5 995 69 798 40 548 104 297 41 503 105
1457 5
1458 130 281
1459 3 69
1460 997 50 998 51
1461 1000 999 632 312 565 3 638
1462 262 50 411 51
1463 5 1001 41 411 3
1464 130
1465 51
1466 99
1467 99
1468 99
1469 69
1470 3 688 444 172 983 296 1002
1471 130
1472 105 3 187
1473 69 137 235 3
1474 411 3 105 40
1475 73 5
1476 51 50 572 175
1477 50
1478 121 163 548
1479 1005 2
1480 84
1481 1006
1482 130
1483 1007
1484 996
1485 1008
1486 73
1487 1009
1488 84
1489 40
1490 84
1491 84
1492 84
1493 5
1494 84
1495 1010
1496 84
1497 1011
1498 84 989
1499 1012
1500 175 51
1501 531 69 105 539 5 1014 102 1015 7 312 1013 51
1502 581
1503 503 297 69 234 591 355 57 50
1504 3
1505 161 284
1506 50
1507 3
1508 69 582
1509 69
1510 57 355
1511 57 105
1512 355 57
1513 5
1514 158 99 72
1515 69 99
1516 69
1517 3 69 121
1518 3 302 237 614
1519 102 3 593
1520 54 69
1521 411
1522 614 69
1523 57
1524 5
1525 281 102
1526 3
1527 121 122
1528 57
1529 69 54 503 297
1530 361 3 41 296 18 237 105 480
1531 5
1532 18
1533 538
1534 78
1535 3
1536 3
1537 953 302
1538 1019 3 105
1539 51 572 591 650 636 49 5
1540 41 40 73 187 650 953 253 256
1541 122
1542 122
1543 397 69 186 398
1544 3
1545 503
1546 940 106 80 69 1021 954 105 1022 798 990 51 73
1547 69 51 538 774
1548 591 50 377 538 18 121 1023 411 3 69 990
1549 73
1550 105
1551 150
1552 69
1553 121
1554 235 3
1555 80
1556 1024 3
1557 538
1558 419 3
1559 548 235
1560 3
1561 3
1562 3 5 2
1563 3
1564 3 49 582 284
1565 1025 3
1566 121
1567 69
1568 69
1569 826 798 235 5 234 320 40 73 1026 297 1028 377 870 50 966 1021 105 466 1027 51
1570 7 897 419 40
1571 897
1572 302
1573 235 355
1574 1029 1030
1575 237 776 3
1576 234 50
1577 3 57 284 50
1578 538
1579 249 54
1580 302
1581 3
1582 281
1583 34 5 3
1584 105
1585 3
1586 3 1032
1587 419
1588 591 869 537
1589 3 57
1590 69
1591 3 69
1592 18
1593 281 235 18 3 576
1594 256 69
1595 234 69 50
1596 51 176
1597 175
1598 411 302
1599 3 1004
1600 935 49
1601 538 5 798
1602 69 5 538
1603 1035 1034 984 5 73
1604 57 463 965
1605 591 50 3
1606 1036
1607 942
1608 69 538 105
1609 99
1610 99
1611 1004
1612 355
1613 158 302
1614 488
1615 802
1616 802
1617 51
1618 970
1619 1040 438 1038 289
1620 18
1621 57 50 51
1622 851 50 237 1041 69 3 411 102
1623 3
1624 57 463
1625 105
1626 302 69
1627 237 256 3 102
1628 628
1629 187
1630 99
1631 591
1632 503 50
1633 3
1634 72
1635 69 3 302 942
1636 235 50
1637 419
1638 3
1639 49
1640 288
1641 163 69 40 41 984 51 3
1642 1044
1643 1045
1644 3
1645 281
1646 54 51
1647 235 69
1648 54
1649 187
1650 3 69 172
1651 106 105 3 548
1652 3
1653 3 69
1654 69
1655 302
1656 595 57 187 281 492 399
1657 503 50 137 105
1658 283 40 882 150 527 41 576 161 1047 580 158 3 539
1659 42 3 102
1660 57 355 281 50
1661 193 591 941
1662 69 122 49
1663 551
1664 1048 51 50 57
1665 69
1666 416 312 256 3
1667 163 582 548 121 537
1668 3
1669 69
1670 3
1671 591 105 5 302 69 3 237
1672 50 636 302
1673 69
1674 1050 50 503 1049
1675 34 3 122
1676 3 419
1677 161 312
1678 419 50 3
1679 105 69 296 297 295
1680 234 361 18 235
1681 106 105
1682 69
1683 463
1684 105
1685 80
1686 1031 284 3
1687 3
1688 51
1689 538 774 172 69
1690 591 121 41 57 18
1691 1054
1692 3 187
1693 69
1694 1055
1695 1056
1696 1057 69 42 41 18 180
1697 50 1059 57 463 719
1698 416
1699 256
1700 5
1701 3
1702 50
1703 1007
1704 50 234 3 57 51 40
1705 975
1706 177
1707 853
1708 537 284
1709 302
1710 281 137
1711 281
1712 69
1713 3 175 51
1714 50
1715 69
1716 3 50
1717 3
1718 663
1719 1055
1720 41 3 320 50
1721 3
1722 302
1723 50
1724 1061 305 1060 453
1725 50 3 237 49
1726 69 3
1727 1062 964 593 237
1728 69
1729 250 718 18 50 1063 175 57
1730 163 943 1064 3
1731 411 50 614 284 591 416 40
1732 593 3
1733 1065 295 57 69
1734 69
1735 3
1736 69 296
1737 1054
1738 105 69
1739 172
1740 721 3
1741 978 355
1742 1054
1743 121
1744 302 582
1745 453
1746 253 912 122 798 50
1747 163
1748 289 438 251
1749 105
1750 105 50 3
1751 582 130 739 302
1752 69
1753 281
1754 3 527
1755 582 78
1756 1069
1757 327
1758 1074 1070 104 84 1072 1071 87 628 1075 189
1759 1076 3 50
1760 636
1761 69 538 636
1762 302
1763 49 687 50
1764 69
1765 1003
1766 302 102 122 50 283 40
1767 3
1768 1079
1769 1081 438 69
1770 69
1771 57 457 50 1082
1772 3
1773 69
1774 1083
1775 331 250
1776 419 3
1777 69 302
1778 69 582
1779 3
1780 1085
1781 719 463
1782 1086 1095 53 1094 1052 54 1090 1091 1088 1092
1783 1096
1784 506
1785 256
1786 591
1787 346
1788 121
1789 57
1790 3 105 69 1034
1791 105 51 503 50 5
1792 1003
1793 538 194 466
1794 538 1069
1795 69
1796 51 394 50 3
1797 69 831 281
1798 378
1799 250
1800 284
1801 69
1802 3 520
1803 3
1804 1097
1805 69 943 646
1806 970 105 3 237
1807 5 636 591 1099 614 1100
1808 256
1809 355
1810 320 69 60
1811 3
1812 105
1813 105
1814 69
1815 69 252 102 105
1816 1077
1817 556 3 1056
1818 346 1102 59
1819 163
1820 234
1821 150 3
1822 105 538
1823 49
1824 50 105
1825 636
1826 105
1827 506 811 965 97 57 163 187
1828 57 41 284
1829 50
1830 69
1831 3
1832 355
1833 942 296 582
1834 897
1835 419
1836 3 121
1837 106 995
1838 591 3
1839 897
1840 419
1841 419
1842 897
1843 636
1844 296
1845 150
1846 252
1847 99
1848 5
1849 3
1850 18 503 297 295 50
1851 105
1852 355
1853 302 687 41 506 57 49 1105 234 3 18
1854 7
1855 105
1856 520 69 3 591
1857 51
1858 104 636 591
1859 34
1860 908 69
1861 636
1862 150 7 1106
1863 122 50
1864 5 158 69 489
1865 278
1866 51 105 50 176
1867 628 72
1868 290
1869 798 105 163
1870 50 237
1871 295 1109 852 3 102 57 644 234 69 1107 1108 105 49 377 503 537
1872 3 537 18
1873 102 377 237 556 2 941 41 1110 416 1111 121 105 296 638 104 3
1874 105
1875 237
1876 486 69 851 105 72 49
1877 7 380 146
1878 283
1879 1112
1880 50
1881 3
1882 982 503 355 297
1883 1113 105
1884 331 50 355
1885 3
1886 593 2 97 296
1887 99
1888 3 69 5
1889 5 1114
1890 492 595 491 5
1891 51
1892 187 3
1893 106
1894 50 868 105 295 289 826 873 234
1895 729 105 1115 301 1117 1116 104
1896 591 3 302
1897 1107 1118
1898 3
1899 150 968
1900 297 1109 213 1120 1029 1122 487 1126 1121 1119 5 1008 1127 912 1123 1124 377 69 1107 1099
1901 49 935
1902 5 1021 1035 1008 954
1903 3
1904 18 297 503 1112
1905 50 912 489 5
1906 284
1907 51 912 799
1908 548 506
1909 50
1910 51 1022 163 908 50 57 548 105
1911 302
1912 3 102 256
1913 1131 488 50
1914 5 105
1915 72
1916 150 3 49 284
1917 3 527
1918 503
1919 739 121 302
1920 105 69 873 355
1921 3
1922 1048
1923 1128 331
1924 281
1925 3
1926 49 105 102
1927 283
1928 284
1929 614
1930 281 636
1931 281 235 105 831 943 983 253 251 102
1932 50 51 355 1022
1933 69
1934 3
1935 3
1936 3 284 102 1132
1937 193
1938 69
1939 416
1940 330
1941 49 50
1942 1135
1943 187 18 537
1944 1136
1945 636
1946 1136
1947 1136
1948 252
1949 1137 1124 50 1141 1138 826 729 1070 105 1140 940 1119 1116 1139 730 731 1115 955 5 104 320 954 1022
1950 1143
1951 3 237
1952 234 176 175 638 947 69 51 57 489 912 502 556
1953 281 548
1954 49 687 503
1955 5 636 105
1956 492
1957 50
1958 503
1959 253 1145 121 1144
1960 18
1961 121
1962 751 581 69 5 548
1963 57
1964 50
1965 57 281
1966 176
1967 3 237 78
1968 51 355
1969 281
1970 501 57
1971 281 50 258
1972 537 463 57 3
1973 954 5 798 1100
1974 688
1975 3 50
1976 3
1977 739 3
1978 121
1979 18
1980 3
1981 105
1982 283
1983 237 283
1984 312 3 537
1985 1149 69
1986 18 942 69 163
1987 296
1988 447
1989 1150
1990 283 50 237 256
1991 3
1992 355
1993 105 69
1994 49 3 968 50 1151
1995 69
1996 964 3
1997 3
1998 302 18 172 49
1999 41
2000 150 7
2001 41
2002 281
2003 503
2004 122 105 586 1154
2005 296 3
2006 485
2007 416
2008 284
2009 57 50
2010 3
2011 848 105
2012 105 18
2013 69 105
2014 105
2015 3
2016 1128 105
2017 1128 105
2018 180
2019 50
2020 187 281 400 106
2021 163
2022 1153
2023 256 416
2024 150
2025 187 50
2026 105
2027 51 1060
2028 503 826 69 57 2 5 51 194 297 870 320
2029 3 283 1157
2030 400 491
2031 50 57 51
2032 651 559 72 628 643 1158 158
2033 394
2034 51 331 394
2035 394 50
2036 394
2037 50
2038 394
2039 1160 503 297
2040 50 49
2041 49
2042 3
2043 1128
2044 50
2045 463 50 18 281
2046 3
2047 485
2048 296 312 172 105 237 50
2049 1163 1162
2050 105
2051 485
2052 50
2053 105 234
2054 3
2055 5 3
2056 1112
2057 595 493 106
2058 3
2059 172 485
2060 256
2061 57 3
2062 51
2063 297 1140 69 305 421 51 503
2064 3 1164
2065 3 485 968
2066 377 50 1107
2067 1165
2068 3 851
2069 851 3
2070 51
2071 57
2072 968
2073 3
2074 163
2075 69 995
2076 5
2077 3
2078 281 105 50 51 69 73 734
2079 105 50 1152 73 69
2080 256
2081 3
2082 636
2083 3 964
2084 1168
2085 50
2086 69 1140
2087 51 104 1128
2088 2
2089 296 593
2090 3
2091 51
2092 1169 548 18 281 50 942 971
2093 548
2094 503
2095 150
2096 3
2097 320
2098 295 882
2099 1170
2100 121
2101 3
2102 69
2103 69 1140 826 1152
2104 50 1128 104
2105 18
2106 503 281 69 73 105 51 798 50
2107 69
2108 69 964
2109 3 213
2110 1171
2111 256 520 3
2112 69 5 105
2113 73 297 69 826 105
2114 18
2115 137
2116 3 5
2117 705 296 593 283
2118 49
2119 394
2120 295 69 51
2121 281
2122 41 49 3
2123 105 844 234 295
2124 49
2125 2 917
2126 105
2127 1108 50 485
2128 1172
2129 18 361
2130 305 57
2131 283 234 105
2132 105 295
2133 586
2134 1043 105 51 50 49 163
2135 50
2136 484 50 421 18
2137 3
2138 548
2139 438
2140 503 453 1175 194 51 556 50 69
2141 826
2142 3 283 105
2143 1128 50 331
2144 297
2145 1176
2146 69 1152
2147 3 121
2148 51 50
2149 3
2150 368 57
2151 49
2152 163
2153 3
2154 105
2155 390 1177
2156 256 537
2157 57
2158 57 305
2159 105 69 50 3
2160 3
2161 1138
2162 638 18 51 50 138 105 484
2163 3
2164 3
2165 3
2166 1129
2167 57 281
2168 3 296 492 453
2169 3
2170 281 548 638 1128 1179 1178
2171 3 50
2172 50 69
2173 105 5 798
2174 3
2175 843 1181 651
2176 57 281
2177 297
2178 418
2179 1070 1140
2180 3
2181 628 650 234 158 1182 69 441
2182 57
2183 3
2184 1118
2185 1100
2186 1100
2187 69 105 5
2188 3
2189 537
2190 1029 1035 5 636
2191 296
2192 917 234 798 41 463 1112 78 1184
2193 636 466
2194 636
2195 281
2196 150
2197 3
2198 1062
2199 687
2200 150
2201 1156
2202 69 935 466 295 299 688
2203 1019
2204 3
2205 50 871 57
2206 97 57
2207 305
2208 1175 503 51 105 556 297 73
2209 18
2210 295 503
2211 105
2212 810 57
2213 105 556 187 1154
2214 548 3 256
2215 1106
2216 548
2217 256
2218 5 3
2219 548 50 297
2220 281
2221 868 69
2222 1128 50
2223 3
2224 234
2225 297 503 1187
2226 3
2227 50 295 105 78
2228 51
2229 105
2230 3
2231 1188
2232 18 50
2233 361 50 105 297
2234 636
2235 18
2236 1189 3
2237 57 258 305 965
2238 187
2239 49
2240 917
2241 638
2242 105
2243 5
2244 1138
2245 1168 5
2246 871
2247 1138
2248 1168 1190
2249 69 5 320 1034
2250 781
2251 1121
2252 993
2253 993
2254 482
2255 1191
2256 51 175
2257 233 1192
2258 506 687 187 57 463
2259 1193 636
2260 871
2261 50 3
2262 49
2263 975 256
2264 3
2265 1183
2266 492 491 3
2267 636
2268 756 3 5 1195
2269 105 997 485 5
2270 105 997 234 50
2271 305 965 57 258
2272 41 72
2273 305
2274 659 503 297 1187
2275 105 57 1197 50
2276 1198
2277 3 256
2278 187
2279 1199 150 3 163
2280 3 1200
2281 163 951 886 548
2282 281 361
2283 18 503 234
2284 256
2285 3 69
2286 49
2287 57 5 281
2288 18 163
2289 3
2290 1191 3
2291 591 828 49
2292 3
2293 234
2294 593 296 3 50
2295 1201 1067
2296 1067 150 1202
2297 150 1203 1026 1131
2298 105
2299 150 256
2300 41 50
2301 78 49
2302 256
2303 3
2304 5 57 463
2305 503
2306 158
2307 51
2308 281
2309 281 57 49
2310 977
2311 636 5
2312 3 105 390 256 975 1129
2313 3
2314 3
2315 305 281
2316 527 105 466 418
2317 50
2318 3 50
2319 172
2320 815 548 256 163
2321 57 41 548
2322 50
2323 3 78
2324 3 105
2325 503
2326 51
2327 3
2328 18
2329 3 237
2330 556 256 3
2331 3
2332 138 57
2333 5 3
2334 1206
2335 283
2336 3
2337 281 50 57
2338 50 1108 485 484 105
2339 3 1191 72
2340 105 50 18 234
2341 256 1207
2342 965 506 281
2343 234
2344 369
2345 57
2346 3
2347 105 503 297 687 234 50 57 18
2348 105 942 234
2349 50 1107 105
2350 3
2351 150 390 593 638 283 105 1062 361 3 1209 295
2352 3
2353 256 150
2354 41 3 42
2355 1171
2356 57
2357 614 331
2358 69
2359 548
2360 636
2361 3
2362 105
2363 3
2364 3
2365 295 503 466
2366 638 361 556
2367 3
2368 945 57
2369 281
2370 72
2371 650
2372 939
2373 1012
2374 34
2375 237 256 3
2376 105 3
2377 213
2378 78 237
2379 5
2380 3 49 1121
2381 3
2382 1079
2383 3
2384 281
2385 163
2386 163
2387 1210 3 57 50 295
2388 50
2389 537
2390 105
2391 3 49 41 57
2392 453 5
2393 105 593
2394 687
2395 537 3
2396 3
2397 548 977
2398 105
2399 295 484
2400 3 593 72 5
2401 3
2402 213 105
2403 1191
2404 50
2405 3
2406 3
2407 3
2408 1120 1121 50
2409 150 283 3
2410 50 3
2411 3
2412 1101
2413 69
2414 281
2415 503
2416 659 1185 297 503
2417 50 234
2418 50
2419 281
2420 486
2421 1046 3
2422 3
2423 593
2424 256 453 2 1062
2425 234 49
2426 51
2427 51 105 295
2428 3
2429 593
2430 1212
2431 234 105 72 57 18
2432 3
2433 105 3
2434 1214
2435 638 150 593 2 50 105
2436 50
2437 361 1115 1215 644 163 1112 104 659 1209 49
2438 3 485
2439 3 187
2440 69
2441 57
2442 418 1216
2443 69 1149
2444 3
2445 105 50
2446 281
2447 1217
2448 418 1191
2449 305
2450 57 281 258
2451 3 187
2452 3 1101 894 187
2453 503 1187
2454 69 503
2455 1138
2456 237 3 215
2457 5 69
2458 256 213 150
2459 57 281
2460 50 1209
2461 41 256 296 776 3
2462 3
2463 484
2464 636 650
2465 650
2466 50
2467 894
2468 537 105 50
2469 3 159
2470 57 3 593
2471 482
2472 163
2473 305
2474 281
2475 3 1101
2476 57 295 105 503
2477 176 51
2478 1062 491 492 776
2479 50 296
2480 281 548
2481 258
2482 3 50
2483 3
2484 105 503
2485 1152
2486 50 312 105 551 283
2487 3 163
2488 5
2489 256
2490 3 281 5 163 591 102 361 105
2491 3
2492 3
2493 57 3
2494 3
2495 798 1161
2496 283
2497 1057
2498 105
2499 105 104
2500 69
2501 175 51 50 57
2502 355 234 49
2503 636 57
2504 283 3 187
2505 3
2506 1107
2507 3
2508 995 556
2509 57 1220 281
2510 105
2511 3 1005
2512 50 548 484 105
2513 49
2514 105
2515 50 1221
2516 453
2517 84 50 5 105 1137 421 1070 729
2518 3
2519 187
2520 3
2521 57 18
2522 18
2523 51
2524 3
2525 50
2526 50
2527 3
2528 1062
2529 18
2530 1152
2531 5 3
2532 163
2533 636
2534 34
2535 50
2536 1205 1013
2537 256 283
2538 1206
2539 50 537 237 41
2540 3
2541 1227 463 871 41 234 258 18 484 295 1225 1186 1047 466
2542 871
2543 1227 1186 463 1225 466 18 295 234 1224 1020 871 1226
2544 3
2545 50 57
2546 638 283
2547 105
2548 3
2549 57 281 305
2550 1101
2551 69
2552 51
2553 281
2554 50
2555 234
2556 942 213 234
2557 687
2558 466
2559 399 894 187 256
2560 1229
2561 1230
2562 213
2563 1138
2564 1205
2565 1205
2566 1205
2567 3 57
2568 105 295
2569 3
2570 3
2571 281 18
2572 295
2573 50 659
2574 283
2575 1115 105 1206
2576 57 234
2577 1006
2578 3
2579 305
2580 438
2581 50
2582 150
2583 49 3
2584 69
2585 50
2586 283
2587 3
2588 72
2589 503
2590 105
2591 688
2592 3
2593 3
2594 50 57
2595 18 234
2596 159 163
2597 49 41
2598 997
2599 49
2600 776 3
2601 42 41 320 1008
2602 283 484 51
2603 3 296
2604 3 296
2605 50
2606 886
2607 187
2608 18 503 234 687
2609 911 157 1156 150
2610 3
2611 1224 57
2612 105
2613 1105 296
2614 57 1225 281 463 503 187 295 965 1202
2615 296 3
2616 50
2617 527 50
2618 187 3
2619 3 1013 556
2620 3
2621 3
2622 593 3
2623 213
2624 157 156 158
2625 1228 3
2626 159 18 281 42 466 41 163 157 213 295 50 503
2627 977 105
2628 18 234
2629 146 638
2630 84
2631 50
2632 3
2633 556
2634 159
2635 105
2636 484 234
2637 163
2638 50
2639 3
2640 636 1193
2641 50
2642 3
2643 503
2644 57
2645 3
2646 296
2647 3
2648 1121 50
2649 49
2650 636 1232
2651 977 548
2652 234
2653 106 281 1006 1233
2654 1112
2655 3 1195 756 798
2656 105
2657 296 105 3 50
2658 894 296
2659 3
2660 50
2661 942 548 631 485 971 258 1115 361 484
2662 49 1129
2663 41 3
2664 57 5 69 506
2665 636
2666 636
2667 1060
2668 105 3
2669 57
2670 3 50
2671 106 503 492 41 281 491 595
2672 281
2673 72
2674 281
2675 296
2676 281
2677 369
2678 453 150 296
2679 3
2680 105 3
2681 369
2682 296
2683 636
2684 51
2685 50 138
2686 369
2687 57
2688 965 369
2689 527
2690 1220
2691 312
2692 1235
2693 687
2694 57
2695 281
2696 57
2697 1043 593 997 484
2698 281 3
2699 138
2700 50 997
2701 41 187 527 1121 3 78 658 1236 719 50 106
2702 159
2703 3 556 105
2704 3
2705 105
2706 651
2707 484 57 234
2708 894 3 638 57 121
2709 50
2710 234
2711 163
2712 49
2713 105
2714 715 631
2715 369
2716 281
2717 3
2718 234
2719 105
2720 1237
2721 105
2722 556
2723 369
2724 305 965 57
2725 484 503 1237 997 971
2726 3
2727 50 57 51
2728 281 57 50 503 34 1224 1062 105
2729 138 51
2730 369
2731 3
2732 593 975 3 105
2733 305
2734 281
2735 50 57 105 484
2736 484
2737 187 72
2738 283
2739 3
2740 369
2741 50
2742 3 105
2743 3 636
2744 3 57
2745 3
2746 3 234
2747 105
2748 305 281
2749 503
2750 234
2751 234
2752 1239 503
2753 948
2754 105 556
2755 3
2756 283
2757 636 3
2758 1202
2759 3
2760 150 3
2761 57
2762 3 256
2763 283 150
2764 1213
2765 503 105
2766 50
2767 57 975 281
2768 1169
2769 3
2770 234
2771 3 105
2772 3
2773 50 105 1209
2774 3 593
2775 636
2776 593 296
2777 296
2778 3 57 41
2779 3
2780 369
2781 283 1241
2782 631
2783 3
2784 105 369 1215 484
2785 234 1013 638 369
2786 1242
2787 3 105
2788 283 296
2789 369 1243 72
2790 3
2791 1244 51 105 57
2792 3 296
2793 369
2794 593
2795 283 234 556
2796 1209
2797 296 369
2798 1237 234 1245 18
2799 503
2800 57
2801 256
2802 105 50 1241 51 175
2803 295 57 281 234 1160 503 105
2804 18
2805 3
2806 3 296
2807 234 1245 18
2808 3
2809 1169
2810 296
2811 105 3 18
2812 42 105 296 3
2813 281
2814 556 971 105 234 1062
2815 296
2816 1115 503
2817 527
2818 1248
2819 1250 105 296 503
2820 213
2821 296 527
2822 105 638
2823 283 3 320
2824 296
2825 3
2826 776
2827 776 1062
2828 283 977 638 72
2829 3
2830 3
2831 593
2832 1110 105 3
2833 42
2834 295 234 105 942
2835 234
2836 295 105
2837 256 57 3 296 105 1110 503
2838 3
2839 491 595 3
2840 50 105
2841 447 18 1246 295 1211
2842 105 213 234 466
2843 283
2844 3 105
2845 3
2846 150
2847 3
2848 51
2849 281
2850 556
2851 3
2852 556
2853 57 844 394
2854 105 1251 729
2855 3
2856 3
2857 1110 283 527
2858 57 234
2859 234 18
2860 3
2861 3
2862 3
2863 3
2864 751 305
2865 57 3
2866 57
2867 3 491
2868 3
2869 296 281
2870 18 234 503 57
2871 281
2872 3
2873 1062 283
2874 296
2875 296 3
2876 130
2877 3
2878 105
2879 236
2880 283
2881 3
2882 1252
2883 57
2884 213
2885 281
2886 1062 751 503 3
2887 1253
2888 42
2889 57
2890 213
2891 57
2892 1228
2893 3
2894 3
2895 1156
2896 3
2897 234
2898 729
2899 503
2900 503
2901 3
2902 1254 3 283 520
2903 503 556 57
2904 105 503
2905 638
